100,5000,22,98.8
100,5000,24,98.7
100,5000,26,98.8
100,5000,28,99.1
100,5000,30,99.0
110,5000,22,98.9
110,5000,24,99.9
110,5000,26,100.0
110,5000,28,99.9
110,5000,30,99.9
120,5000,22,98.2
120,5000,24,99.0
120,5000,26,99.5
120,5000,28,98.7
120,5000,30,99.4
130,5000,22,97.9
130,5000,24,98.6
130,5000,26,99.8
130,5000,28,99.9
130,5000,30,99.9
140,5000,22,96.5
140,5000,24,98.2
140,5000,26,98.5
140,5000,28,98.6
140,5000,30,98.6
150,5000,22,96.4
150,5000,24,93.0
150,5000,26,98.1
150,5000,28,98.3
150,5000,30,98.7
160,5000,22,98.2
160,5000,24,98.3
160,5000,26,99.4
160,5000,28,99.9
160,5000,30,97.4
170,5000,22,97.0
170,5000,24,96.2
170,5000,26,99.1
170,5000,28,98.9
170,5000,30,99.4
180,5000,22,95.6
180,5000,24,98.2
180,5000,26,99.0
180,5000,28,98.4
180,5000,30,98.6
190,5000,22,94.9
190,5000,24,99.4
190,5000,26,99.2
190,5000,28,99.5
190,5000,30,99.8
200,5000,22,97.5
200,5000,24,96.8
200,5000,26,98.0
200,5000,28,96.2
200,5000,30,99.0
210,5000,22,95.7
210,5000,24,91.5
210,5000,26,97.2
210,5000,28,98.1
210,5000,30,98.0
220,5000,22,96.1
220,5000,24,97.8
220,5000,26,98.0
220,5000,28,98.9
220,5000,30,98.9
230,5000,22,96.2
230,5000,24,98.5
230,5000,26,99.3
230,5000,28,99.0
230,5000,30,99.6
240,5000,22,95.3
240,5000,24,97.3
240,5000,26,98.5
240,5000,28,98.4
240,5000,30,97.7
250,5000,22,97.0
250,5000,24,95.5
250,5000,26,97.5
250,5000,28,98.8
250,5000,30,98.8
