100,5000,22,96.7
100,5000,24,98.4
100,5000,26,99.0
100,5000,28,99.0
100,5000,30,98.9
105,5000,22,98.2
105,5000,24,98.0
105,5000,26,98.8
105,5000,28,99.1
105,5000,30,99.0
110,5000,22,99.3
110,5000,24,98.5
110,5000,26,99.9
110,5000,28,94.7
110,5000,30,99.9
115,5000,22,99.7
115,5000,24,99.2
115,5000,26,99.6
115,5000,28,99.8
115,5000,30,99.8
120,5000,22,97.8
120,5000,24,99.2
120,5000,26,99.2
120,5000,28,99.0
120,5000,30,99.5
125,5000,22,96.4
125,5000,24,99.0
125,5000,26,99.0
125,5000,28,99.0
125,5000,30,99.1
130,5000,22,98.6
130,5000,24,98.2
130,5000,26,99.2
130,5000,28,99.8
130,5000,30,99.8
135,5000,22,99.3
135,5000,24,99.2
135,5000,26,98.6
135,5000,28,99.2
135,5000,30,99.3
140,5000,22,96.9
140,5000,24,90.1
140,5000,26,98.6
140,5000,28,98.8
140,5000,30,98.3
