1,1,1,13.4
1,1,2,11.1
1,1,3,13.5
1,1,4,16.3
1,1,5,18.7
1,1,6,14.1
1,1,7,15.1
1,1,8,19.6
1,1,9,8.6
1,1,10,13.0
1,1,11,15.3
1,1,12,13.2
1,1,13,19.3
1,1,14,14.8
1,1,15,22.7
1,1,16,13.2
1,1,17,19.1
1,1,18,29.7
1,1,19,13.4
1,1,20,15.0
1,1,21,13.3
1,1,22,30.2
1,1,23,30.2
1,1,24,24.9
1,1,25,28.0
1,1,26,24.1
1,1,27,17.0
1,1,28,26.7
1,1,29,26.2
1,1,30,28.2
1,1,31,25.3
1,1,32,15.6
1,1,33,23.2
1,1,34,21.0
1,1,35,30.8
1,1,36,21.8
1,1,37,31.9
1,1,38,29.6
1,1,39,23.7
1,1,40,24.9
1,1,41,31.9
1,1,42,24.6
1,1,43,20.2
1,1,44,25.3
1,1,45,33.2
1,1,46,34.1
1,1,47,31.6
1,1,48,32.5
1,1,49,32.9
1,1,50,26.8
1,51,1,21.4
1,51,2,28.7
1,51,3,35.0
1,51,4,42.4
1,51,5,56.6
1,51,6,57.3
1,51,7,62.5
1,51,8,61.1
1,51,9,60.9
1,51,10,64.3
1,51,11,66.5
1,51,12,67.7
1,51,13,67.1
1,51,14,72.7
1,51,15,67.6
1,51,16,72.7
1,51,17,72.4
1,51,18,70.4
1,51,19,72.5
1,51,20,76.0
1,51,21,76.1
1,51,22,79.6
1,51,23,77.1
1,51,24,75.4
1,51,25,74.7
1,51,26,75.8
1,51,27,79.2
1,51,28,79.5
1,51,29,80.9
1,51,30,82.2
1,51,31,76.5
1,51,32,74.9
1,51,33,76.2
1,51,34,73.9
1,51,35,80.5
1,51,36,78.0
1,51,37,72.9
1,51,38,82.8
1,51,39,82.3
1,51,40,85.4
1,51,41,82.4
1,51,42,83.4
1,51,43,83.8
1,51,44,82.3
1,51,45,85.9
1,51,46,82.3
1,51,47,81.8
1,51,48,81.8
1,51,49,84.4
1,51,50,85.1
1,101,1,23.1
1,101,2,35.1
1,101,3,46.1
1,101,4,48.2
1,101,5,55.5
1,101,6,64.4
1,101,7,67.5
1,101,8,67.1
1,101,9,64.0
1,101,10,71.9
1,101,11,71.2
1,101,12,72.9
1,101,13,71.9
